0.15625 0.75
0.6803107172923814 -0.9576054053112042
0.33195675107398437 -0.16329697638128088
-0.3473468928522929 0.14002664225649256
-0.12329486205186513 -0.9157147626370022
0.09332213823276203 0.5601076315795984
0.5918105921571543 0.4538251908637191
-0.34448692000556547 0.4603900871550688
0.39330582617584076 0.8191626073623883
0.2165561394639693 0.8912136819134062
-0.09273209229668244 0.06406430485126241
-0.022069403504303985 0.06290336412287148
0.136751186738955 0.16077255240481853
0.7689906921148739 0.5935032915247196
0.14224782205377084 -0.15805549461189364
-0.2823916598588775 -0.775782988112764
-0.71875 0.625
0.17587128323575751 0.8275555036700665
-0.5066988338863854 -0.3248838297712984
0.46483762814165197 1.0483099866580872
-0.2612184183817796 -0.040813576232731685
-0.026798516477045342 0.10849153878180057
-0.14355643594400969 0.7415422944712996
0.2367129766171276 0.39143043048741255
0.9526650429449554 -0.020526695296636893
0.47466168061507225 -0.5319841978871335
-0.4338042852043479 0.598406952457449
-0.42656272061148526 -0.9051157724283472
-0.5944572535118234 0.18450632238622383
0.09978187595699972 -0.022527432525750457
0.08882011602724862 -2.540504260993866
0.29450647595374724 0.02982526719269432
1.09375 1.3125
-0.11433950762842116 0.16755443349550503
0.37897522987545296 -0.10026025919842096
-0.39265090741410025 -0.5415525702851544
0.5241832097001836 -0.43155706149450046
-0.43580086346944646 -0.2578471683325757
-0.7109367889425423 1.763292203920464
-0.025555555498653598 -0.15370436789768235
0.48169417382415924 -0.5066626073623883
-0.9103759066110493 0.3578272330416381
0.07470976073071026 -0.8761001510201152
0.02643940095845076 0.37491483820352
-0.18408614379399965 -0.22771429064641074
-0.08949231750874814 -0.8836145399927344
-0.11879248335965542 0.21100876416065054
0.7614138461101597 -0.21242289564597
0.21875 -0.3125
-0.12478961813488676 -0.2998953198271065
0.23770859117854032 0.5000527177026819
0.3229956011703774 0.06593967422667801
0.4853300707334611 0.6380854003642344
-0.42751052786136723 0.9156250463201916
0.351070980377716 -0.3953976074542481
0.017844557323180577 -0.13229826329752373
0.42233495705504465 0.33302669529663687
-0.39789478823282326 -0.4546659290951718
0.009884878528727853 0.3020172413597223
0.3743572941117024 -0.2454261627541478
0.016792210566868082 0.6324354158553684
0.017507519011971562 -1.0137383673552496
-0.20066380236968231 -0.07571109035612555
-0.6580437206411187 0.3925627301187643
0.15625 0.75
0.6803107172923814 -0.9576054053112042
0.33195675107398437 -0.16329697638128088
-0.3473468928522929 0.14002664225649256
-0.12329486205186513 -0.9157147626370022
0.09332213823276203 0.5601076315795984
0.5918105921571543 0.4538251908637191
-0.34448692000556547 0.4603900871550688
0.39330582617584076 0.8191626073623883
0.2165561394639693 0.8912136819134062
-0.09273209229668244 0.06406430485126241
-0.022069403504303985 0.06290336412287148
0.136751186738955 0.16077255240481853
0.7689906921148739 0.5935032915247196
0.14224782205377084 -0.15805549461189364
-0.2823916598588775 -0.775782988112764
0.375 0.46875
0.11100753289557436 -0.06275752657692968
0.6564695193741046 -0.3316807121849966
0.44309346701776675 0.07482073140174234
-0.0814226768302582 -0.47310639870676474
-0.6985491512514269 -0.39074480102171205
-0.9242294320995685 -0.4129017254266866
-0.06222102360691148 -0.41946255155342443
0.5328203916154427 0.662262129857035
0.41176376597397196 0.20796713610549242
-0.2401233038832442 0.9593660817793008
-0.2053524476703968 -0.21398244178362857
0.05639500887103657 -0.06892122358854585
0.1418923111315724 -0.16623900026693567
-1.2642386746203496 0.4075629522958307
-0.17169103723304777 -0.029778208533479927
-0.03125 1.5625
-0.49438513173916454 -1.018389589411898
0.254896916762965 -0.7610914211036773
-0.5739682750843709 -0.36387227064579863
-0.3284721587009495 -0.6693280311556291
0.14432782700312333 -0.9553423218347582
0.9225055305619536 0.32550121186863973
0.542821667438811 0.4425075208424765
0.4198446513295126 0.5953203916154427
0.1675480197235401 -0.034572631071179194
0.5965090157792009 0.38971863453136696
0.3331881919592044 -0.3905054418886509
0.04667316891371545 -0.6702281678307711
0.7029290995164521 0.5576051785166639
1.8353559744792558 0.1669437168273916
0.06800604843028257 0.1766497331935898
0.8125 -0.28125
-0.4482184626080438 0.40903366196761815
-0.44145178461829904 -0.7279627356667128
0.14986591568788085 0.6102931870868524
-0.1029365399388564 0.2717423107725162
0.9050014195460007 -0.019708851736511518
-0.29521932427347913 -0.680193560650993
-0.43595513692217913 0.681230133137585
0.8421796083845573 0.08773787014296502
0.555465379297255 -0.16982103874531093
-1.024870018462338 0.7197340922514592
0.24634016805054998 0.010619621155522507
-0.3139775303435143 0.800615397412705
-0.8089117018466785 0.5392466775032716
-0.43726086436351114 -1.3757863823101277
0.18683343250580078 -0.04465758868690989
0.46875 -1.0
0.1865218411138052 0.40491496322003057
-0.38152630387045205 -0.5657505175492109
0.096493833942634 -0.042436335669338104
0.7628313754700641 -0.5043078809101222
0.05171742054003123 0.3940810130360587
-0.4985519030237718 1.2095358124506321
0.003189922135915846 -0.7240891858992755
-0.4198446513295126 0.9046796083845573
-0.48970294465693837 0.2636250245121767
0.5800959589180631 0.3176665779424705
-0.48966085390326836 0.3150629503432991
-0.039090647441237775 1.313533994006612
-0.4384072246390743 0.04110210580392315
0.6616386933394711 0.35933797494531305
-0.13098387274867182 -0.08239985250056157
0.375 0.46875
0.11100753289557436 -0.06275752657692968
0.6564695193741046 -0.3316807121849966
0.44309346701776675 0.07482073140174234
-0.0814226768302582 -0.47310639870676474
-0.6985491512514269 -0.39074480102171205
-0.9242294320995685 -0.4129017254266866
-0.06222102360691148 -0.41946255155342443
0.5328203916154427 0.662262129857035
0.41176376597397196 0.20796713610549242
-0.2401233038832442 0.9593660817793008
-0.2053524476703968 -0.21398244178362857
0.05639500887103657 -0.06892122358854585
0.1418923111315724 -0.16623900026693567
-1.2642386746203496 0.4075629522958307
-0.17169103723304777 -0.029778208533479927
0.9375 -0.15625
0.8807028043833286 -0.08992769750557757
0.23230756083793996 0.32260436639090373
0.4107671869092203 -0.8302667258505493
0.06954053265748578 -0.3174380530969458
0.05265015076563697 0.6944683814103042
-0.384674311594543 -0.3078115645633529
-0.001212745464897906 0.4917034194665211
0.14108495705504465 -0.07766504294495535
-0.15626485387281674 -0.1124550339872034
-1.2335578855795375 0.06543797701630905
1.7459781265324303 -0.35866526633224044
0.16581141280780554 0.2144846845627195
0.8321927148190168 -0.6482731314126048
-0.061241249182254875 -0.5096104989035386
0.9070796192898141 0.8799072880285119
-0.5625 1.65625
0.033832629687148355 -0.03333414679466634
1.3217610551667245 0.693065617940645
-0.08282022529444627 0.5919075899101227
0.4056259397841965 -0.4278026396825652
-0.6041841655275504 0.29994972917862883
0.19327092107317106 0.19744119076192537
0.8994651368279125 -0.38621889077172344
-0.1348033905932738 0.010723304703363107
0.18132535873596745 0.33032352934489634
-0.09664344103033257 -0.44948016838534766
-0.05535659295443407 0.09529346810487846
-0.6607919687221262 -0.046668699602762626
-0.4988135369925192 0.20696859498742948
0.22808142703023468 1.8747814834173435
-0.6932025366415382 -0.07929186462769615
0.9375 0.59375
0.11297262920305395 0.3094491632921858
0.3068208705894718 -0.2726987541513113
-0.5245236160402512 0.8126000857814152
0.2246536411666734 0.5750205745694235
0.07899230594435233 -1.4017507634426916
0.04158231083699762 -0.957680868948665
-0.03809375734362944 0.23165618451248637
0.6714150429449554 0.45266504294495535
-1.4773136315322297 -0.3305291261666489
-0.3193175257642938 -0.8502852569988634
0.052794152039523756 -0.19363561088813747
0.5122662374995381 -0.29529051073856016
0.48195639563833803 0.7104748168927887
0.4661793517719353 -0.08666680539351582
-0.4153367286180973 -0.7785790385545499
0.4375 0.15625
0.19499086488385214 -0.34950768960148887
-0.09312253362776757 -0.21264114429032657
-0.85099508175008 0.4733307863345684
-0.19982011360835564 0.4202201182100875
-0.16913295224834818 0.3396831403354841
-0.9108390920954468 -0.16938562432636586
-0.6175819295192844 -0.5797174177073846
0.5723033905932737 0.36427669529663687
0.22975419851169598 0.27598100141850296
-0.11824810059220509 0.703997362477991
-0.6958439494419628 -0.5905643270600576
-0.5172856815852174 -0.12252547422139667
-0.17366091239892653 -0.20152076794933876
0.42764064215990605 -0.04106731204383063
-0.04111705853027925 0.2205403196538348
0.9375 -0.15625
0.8807028043833286 -0.08992769750557757
0.23230756083793996 0.32260436639090373
0.4107671869092203 -0.8302667258505493
0.06954053265748578 -0.3174380530969458
0.05265015076563697 0.6944683814103042
-0.384674311594543 -0.3078115645633529
-0.001212745464897906 0.4917034194665211
0.14108495705504465 -0.07766504294495535
-0.15626485387281674 -0.1124550339872034
-1.2335578855795375 0.06543797701630905
1.7459781265324303 -0.35866526633224044
0.16581141280780554 0.2144846845627195
0.8321927148190168 -0.6482731314126048
-0.061241249182254875 -0.5096104989035386
0.9070796192898141 0.8799072880285119
-0.03125 0.5
-0.5399353656517081 -0.5827531464867373
-1.6039641253410433 0.5973641276793622
-0.015328376935114074 0.21305085485725872
0.4757645568510659 0.36742521597249106
-0.2842888812313227 -0.14045003168953263
0.24189954813829556 0.3836156493613468
-0.7634001640383521 0.5239757628163666
0.6736359120657515 0.27052669529663687
-0.20834101486889034 0.054160650741669536
0.25150381704194663 -0.6564363985462174
0.024841169083321055 0.41362623473611315
0.9019394520862111 0.6278395710244248
0.12795312704513506 0.4696702189405806
0.1493991322292207 -0.21405122695592566
-0.3339640583286329 0.06815882962465818
-0.15625 1.25
0.29696559262502414 0.3456660106905133
0.3427796832595506 -0.2705591899517267
0.6938721639571503 -0.5960659659829401
-0.6993613180893836 -0.9588623745809884
0.43647435905099674 -0.060651979896928165
0.033236882080075775 -0.47419530603466287
0.03555588205836646 0.508246941912254
1.2879126073623883 0.6606917382415922
0.5365014996800836 0.4543446339555721
0.23836579263530916 0.2660645145970264
-0.5028797011832729 -0.6278103256269629
0.45669264131857656 0.7241567494858125
-0.43395537895851943 -0.5268439672344238
-1.2281630314377172 -0.9046577251558987
0.625025736667911 -0.5416652784815337
0.96875 0.5
-0.4424083336396374 0.015271333849611823
0.3278605783144465 0.3779001168283314
0.5795754205074326 0.46325296828701457
-0.11907038302690676 0.19009417257644473
-0.03797850199023686 -0.8546710833808576
-0.24019976850233582 1.3660344852931725
-0.02272933569775132 -0.511453917026313
-0.29863591206575146 -0.0830266952966369
-0.04707390421782488 -0.2205919126912959
-0.23993121653222943 0.28421435601685585
-0.008968813022977737 -0.031213387982364754
-1.7005753641519625 0.5824079933930083
-0.09881594553718609 -0.041641216355546185
0.6630990897683349 0.1314295546560142
-0.15076413353885604 -0.10780922287980203
0.59375 0.125
0.08813931537412872 0.03047408576406732
-0.30411300330941177 -0.35115166396269315
-0.04722710074436459 0.09468933482049313
0.9676671442652245 -1.2236570139679475
0.4037754815722018 0.5938333287116749
-0.03493666171603563 -0.038017961543398454
0.4403474006593615 0.36348257786370247
-0.03791260736238833 -0.22319173824159222
0.3161522106988242 -0.09657165582340085
0.9874984739314319 -0.24739586266093863
-0.7238847616621746 0.07047028689138851
-0.2830567292528251 -0.3094043139032456
-0.11316425995106852 0.5607547309050329
0.4156648094401615 -0.25015746962064794
0.1699286722179534 -0.3029356938293323
-0.03125 0.5
-0.5399353656517081 -0.5827531464867373
-1.6039641253410433 0.5973641276793622
-0.015328376935114074 0.21305085485725872
0.4757645568510659 0.36742521597249106
-0.2842888812313227 -0.14045003168953263
0.24189954813829556 0.3836156493613468
-0.7634001640383521 0.5239757628163666
0.6736359120657515 0.27052669529663687
-0.20834101486889034 0.054160650741669536
0.25150381704194663 -0.6564363985462174
0.024841169083321055 0.41362623473611315
0.9019394520862111 0.6278395710244248
0.12795312704513506 0.4696702189405806
0.1493991322292207 -0.21405122695592566
-0.3339640583286329 0.06815882962465818
0.875 0.625
0.32231540559384597 0.03387774297434887
-0.6455009899579994 1.027855282141129
0.33768438374223797 0.3192919473155188
-0.24652022057647985 0.48919425565946195
0.16276478584115528 0.3181920881767209
0.47634631913928044 -0.8805331640266776
-0.10649654963937194 -0.32674572144430475
0.4069004775053534 -0.5814563036811942
0.3727765925615115 0.4946866248237841
0.1335488334128921 -0.26510252929847533
-0.7648203059032741 0.311903535984697
-0.12067218200771107 -0.6456037766216367
-0.4560845014249854 0.037296922666422816
0.21752196935484153 -0.2737708384160975
0.15339089701781505 -0.23090974929312483
0.21875 1.03125
-0.16393131556054594 0.0729768018490276
0.4164684794532575 0.080101537130496
0.45595332809399325 -0.15298844647283438
-0.4387301942458709 0.33214092880234247
-0.3153439236597679 0.2622159367350293
0.9493487727482686 0.528874243518201
-0.5981039123153595 0.23150588460281918
-0.49528882515367184 0.05426700102216897
-0.21285050704827585 -0.2832761561617967
0.21675277323916928 -0.5647253083607686
-0.3191506773778291 0.7127378613429356
-0.7035889056011386 0.15671274406506583
0.0806187410682441 0.6881556622608174
-0.019187755653975902 -1.626755022021041
-0.022589386165631303 -0.2953135513266075
1.0625 0.875
-0.5141839816944647 0.5922244340464422
0.5129184684855218 -0.5615334535480161
1.0375649378697345 -0.049461077265865766
0.5741852635214353 -0.6079126891976909
1.273266102516743 -0.05913106609435209
-1.106356407424766 0.03936727608600893
0.6360850547635822 0.07844298266879496
-0.3444004775053534 0.08145630368119416
-0.16497937077412325 -0.7870313312118534
-0.0009663119404144244 0.05777192940618184
-0.333526903887666 -0.1751239532386476
0.7652789631942587 -1.0918330904548215
-0.3147804845607221 -1.1255631785322353
-0.09388751709871596 0.5805397447544086
0.35637863465099273 -0.017713216961545514
0.84375 -0.15625
0.3243789868162472 0.030059278187003713
-0.5490510009257351 0.4258484584078937
-0.27385571822912913 -1.144600076279737
0.23606515130091552 0.7865775047358865
0.11001922555961191 0.25909628655698
0.4761564443720831 1.1077867732573339
-0.0982045226903176 0.5381788708462492
0.43278882515367184 1.0707329989778311
0.03647419010580498 -0.1535173945069563
-0.0841702517666916 -0.20021591587844062
-0.1398490443080671 0.17824020861393342
-0.06601787558540906 0.5807241230113923
-0.5404599453402791 -0.380262651769383
-0.8999418254370156 0.5244909868478638
-0.3204602156217098 0.022554500907719294
0.875 0.625
0.32231540559384597 0.03387774297434887
-0.6455009899579994 1.027855282141129
0.33768438374223797 0.3192919473155188
-0.24652022057647985 0.48919425565946195
0.16276478584115528 0.3181920881767209
0.47634631913928044 -0.8805331640266776
-0.10649654963937194 -0.32674572144430475
0.4069004775053534 -0.5814563036811942
0.3727765925615115 0.4946866248237841
0.1335488334128921 -0.26510252929847533
-0.7648203059032741 0.311903535984697
-0.12067218200771107 -0.6456037766216367
-0.4560845014249854 0.037296922666422816
0.21752196935484153 -0.2737708384160975
0.15339089701781505 -0.23090974929312483
0.3125 0.75
0.13862562755809837 -0.03630344704994232
0.5573827960115838 -0.2397411115794651
-0.5156993969488498 -0.6055466681802368
0.11412668978187504 -0.6897009320386295
-0.782045429663253 -0.053397136146740576
0.4034523003339586 0.4645793451711718
0.438040561906632 0.12209880955811106
0.5776650429449554 -0.07008252147247768
-0.4766268830537921 -0.118435069955385
0.4588892284853773 -0.2832630879359078
-0.5348200623147366 0.16561111706162168
0.4172201200361474 -0.06243028788360544
0.3749858051882362 -0.7513661322378584
0.4128536745709293 0.0033029118760918297
0.017066910980578442 -0.33086054055584013
-0.0625 1.625
0.8992756015642503 0.516566994184916
0.5290719328507996 1.0730389756543421
0.09994774676044665 -0.567388355054925
0.049193680827672004 -0.16190340517137763
0.552893606873624 0.14893552491824225
-0.5992038405475315 -0.35985289807618276
-0.6302222603057068 0.14003056684801674
0.7575825214724776 -0.3794417382415922
-0.7377957461784126 0.329941366545098
0.15976461149308696 0.43735640988513946
0.8108367320451548 0.021030982892511416
-0.7018288428957448 0.3622274114328363
-0.7542825570289624 -0.7314966173550321
2.1912488480106735 0.7966789402343298
0.22380172941903836 -0.4173523208877433
1.0 -0.1875
-0.011176430416229954 0.3098192176597449
0.7567411105950366 -0.991981802606389
-0.021082886185699895 -0.14938322049052594
0.01845583169060263 0.031230062917833368
-0.131414995720064 0.9739222499875869
-0.7621627812432564 -0.5188670197482339
0.19537575457101133 0.4764835737350479
0.047334957055044646 0.19508252147247768
0.12747820698710477 -0.5087669451333411
0.04912843577179782 -0.3665978191599487
0.5549312333815388 0.5616131080483489
0.24569248732624083 0.8976778523010385
0.9089606073745682 0.5841451242113334
-0.44602959598478037 0.698462834453019
-0.5440025431909384 0.5385178481015105
-0.125 0.5625
-0.2183302077587429 -0.5509056195665376
-1.047700710622554 0.4238489814764672
-0.7262221413653647 0.3225819365957667
-0.18177620230014968 -0.05462572570782628
0.02571881519023933 -0.49203593093953435
-0.5446875885645841 -1.0884613373681686
0.19154721928252788 -0.6115211872049858
0.4924174785275223 0.5044417382415922
0.2785498312977241 0.0580835033154469
-1.4632774045851278 -0.052660545734238395
0.3321087746275107 0.25148109912743905
0.03891623553335655 -0.3224749758502693
-0.19481585221438835 0.3212929175620029
-0.655471016575409 0.0041572234579729805
0.10839262733685723 0.08260325040588307
0.3125 0.75
0.13862562755809837 -0.03630344704994232
0.5573827960115838 -0.2397411115794651
-0.5156993969488498 -0.6055466681802368
0.11412668978187504 -0.6897009320386295
-0.782045429663253 -0.053397136146740576
0.4034523003339586 0.4645793451711718
0.438040561906632 0.12209880955811106
0.5776650429449554 -0.07008252147247768
-0.4766268830537921 -0.118435069955385
0.4588892284853773 -0.2832630879359078
-0.5348200623147366 0.16561111706162168
0.4172201200361474 -0.06243028788360544
0.3749858051882362 -0.7513661322378584
0.4128536745709293 0.0033029118760918297
0.017066910980578442 -0.33086054055584013
0.90625 1.09375
-0.2747981148265183 -0.177095511496335
-0.19807451115175737 -0.18971043778510466
-0.11568953548871495 -0.19309877830292194
-0.02995231312330894 -0.1866377508976029
0.05670973802245673 -0.17010646871659652
0.14183583801494784 -0.14369894722966836
0.22301803663526085 -0.10802089801796164
1.547985434560398 1.1859296083845572
0.36468327750444784 -0.013203094574555513
0.42134396250837025 0.042916617920200184
0.4665473042744903 0.10237682609112267
0.49926781933019815 0.16308918269519576
0.5189072811502331 0.22286727294768036
0.5253113611666909 0.2795092241546126
0.5187697773015911 0.33088140402091337
-5.25 -5.375
0.4701151916279331 0.4101073486323719
0.43057765453381425 0.43474008068833137
0.3831396130814979 0.4477864575653524
0.3297736344765152 0.4485306849414922
0.27259538386753535 0.4366824854218613
0.21378169607153824 0.412390773830163
0.1554871183941478 0.3762408853416299
1.349762129857035 1.579235434560398
0.048476169824733684 0.2727595088232806
0.00324841639885165 0.20853149747511052
-0.03461105050390892 0.13854140764399483
-0.06414747294044254 0.06497899508955624
-0.08479328893801352 -0.009845572340109094
-0.09638447818785839 -0.08358551615057977
-0.09916080391451715 -0.1539425410312912
1.15625 1.03125
-0.08113657459384692 -0.2760509845369325
-0.06261649718502191 -0.32416838856635466
-0.03973958251129779 -0.3617643032566084
-0.014241860700850192 -0.3878865088164669
0.01202938964492177 -0.4020003240481178
0.037194985017057924 -0.40400463538092823
0.05942442763389447 -0.39423153291449975
1.327014565439602 0.8765703916154427
0.08846321852881966 -0.34273159484580973
0.0925348638430891 -0.30360762625697946
0.08831577728504 -0.25780594409113544
0.07525644038387172 -0.2072833565193549
0.053199511614481165 -0.15412814528030186
0.022392221443905735 -0.10047840112260685
-0.01651734636912966 -0.04843893975175803
1.1875 1.25
-0.11418050220756787 0.043039147400895594
-0.16988664619703497 0.07913874566312795
-0.2277104950814852 0.10707662399417794
-0.28557946065235607 0.12599357477257767
-0.3413345115349138 0.13542430734285305
-0.39281251910354403 0.1353128087804336
-0.4379295826633031 0.12601154559083147
0.775237870142965 1.358264565439602
-0.5016226658580012 0.08317518059708462
-0.517127242750311 0.05215951086166877
-0.5202520310556215 0.016887710356017903
-0.5103767867736273 -0.020784821265397102
-0.4873135038267008 -0.058893555327269406
-0.4513191044227382 -0.095445306881426
-0.40309162701794427 -0.1284999232378641
0.90625 1.09375
-0.2747981148265183 -0.177095511496335
-0.19807451115175737 -0.18971043778510466
-0.11568953548871495 -0.19309877830292194
-0.02995231312330894 -0.1866377508976029
0.05670973802245673 -0.17010646871659652
0.14183583801494784 -0.14369894722966836
0.22301803663526085 -0.10802089801796164
1.547985434560398 1.1859296083845572
0.36468327750444784 -0.013203094574555513
0.42134396250837025 0.042916617920200184
0.4665473042744903 0.10237682609112267
0.49926781933019815 0.16308918269519576
0.5189072811502331 0.22286727294768036
0.5253113611666909 0.2795092241546126
0.5187697773015911 0.33088140402091337
